SAA94597064g
94597064
12345678
87654321
123456789
987654321
012345678
087654321
0123456789
9876543210
10987654321
12345678910
10203040
40302010
102030405060
605040302010
123451900
123451902
123451903
123451904
123451905
123451906
123451907
123451908
123451909
123451910
123451911
123451912
123451913
123451914
123451915
123451916
123451917
123451918
123451919
123451920
123451921
123451922
123451923
123451924
123451925
123451926
123451927
123451928
123451929
123451930
123451931
123451932
123451933
123451934
123451935
123451936
123451937
123451938
123451939
123451940
123451941
123451942
123451943
123451944
123451945
123451946
123451947
123451948
123451949
123451950
123451951
123451952
123451953
123451954
123451955
123451956
123451957
123451958
123451959
123451960
123451961
123451962
123451963
123451964
123451965
123451966
123451967
123451968
123451969
123451970
123451971
123451972
123451973
123451974
123451978
123451979
123451980
123451981
123451982
123451983
123451984
123451985
123451986
123451987
123451988
123451989
123451990
123451991
123451992
123451993
123451994
123451995
123451996
123451997
123451998
123451999
123452000
123452001
123452002
123452003
123452004
123452005
123452006
123452007
123452008
123452009
123452010
123452011
123452012
123452013
123452014
123452015
123452016
123452017
123452018
123452019
123452020
123452021
123452022
123452023
123452024
123452025
123452026
123452027
123452028
123452029
123452030
54321909
54321910
54321911
54321912
54321913
54321914
54321915
54321916
54321917
54321918
54321919
54321920
54321921
54321922
54321923
54321924
54321925
54321926
54321927
54321928
54321929
54321930
54321931
54321932
54321933
54321934
54321935
54321936
54321937
54321938
54321939
54321940
54321941
54321942
54321943
54321944
54321945
54321946
54321947
54321948
54321949
54321950
54321951
54321952
54321953
54321954
54321955
54321956
54321957
54321958
54321959
54321960
54321961
54321962
54321963
54321964
54321965
54321966
54321967
54321968
54321969
54321970
54321971
54321972
54321973
54321974
54321975
54321976
54321977
54321978
54321979
54321980
54321981
54321982
54321983
54321984
54321985
54321986
54321987
54321988
54321989
54321990
54322000
54322001
54322002
54322003
54322004
54322005
54322006
54322007
54322008
54322009
54322010
54322011
54322012
54322013
54322014
54322015
54322016
54322017
54322018
54322019
54322020
54322021
54322023
54322024
54322025
54322026
54322027
54322028
54322029
54322030
54322031
54322032
54322033
54322034
54322035
54322036
54322037
54322038
54322039
54322040
54322041
54322042
54322044
54322045
54322046
54322047
54322048
54322049
54322050